20.2925667751038077
20.2925667751038077
20.2925667751038077
20.2925667751038077
20.2925667751038077
20.2925667751038077
20.2925667751038077
20.2925667751038077
20.2925667751038077
20.2925667751038077
3.4769879509094075
3.4769879509094075
3.4769879509094075
3.4769879509094075
3.4769879509094075
3.4769879509094075
3.4769879509094075
3.4769879509094075
3.4769879509094075
3.4769879509094075
11.5968000660355344
11.5968000660355344
11.5968000660355344
11.5968000660355344
11.5968000660355344
11.5968000660355344
11.5968000660355344
11.5968000660355344
11.5968000660355344
11.5968000660355344
17.7051253018198693
17.7051253018198693
17.7051253018198693
17.7051253018198693
17.7051253018198693
17.7051253018198693
17.7051253018198693
17.7051253018198693
17.7051253018198693
17.7051253018198693
10.6784732832353448
10.6784732832353448
10.6784732832353448
10.6784732832353448
10.6784732832353448
10.6784732832353448
10.6784732832353448
10.6784732832353448
10.6784732832353448
10.6784732832353448
2.8706570240646210
2.8706570240646210
2.8706570240646210
2.8706570240646210
2.8706570240646210
2.8706570240646210
2.8706570240646210
2.8706570240646210
2.8706570240646210
2.8706570240646210
5.5207443482292948
5.5207443482292948
5.5207443482292948
5.5207443482292948
5.5207443482292948
5.5207443482292948
5.5207443482292948
5.5207443482292948
5.5207443482292948
5.5207443482292948
21.8940983580482929
21.8940983580482929
21.8940983580482929
21.8940983580482929
21.8940983580482929
21.8940983580482929
21.8940983580482929
21.8940983580482929
21.8940983580482929
21.8940983580482929
8.1439519651878296
8.1439519651878296
8.1439519651878296
8.1439519651878296
8.1439519651878296
8.1439519651878296
8.1439519651878296
8.1439519651878296
8.1439519651878296
8.1439519651878296
7.3319895014899386
7.3319895014899386
7.3319895014899386
7.3319895014899386
7.3319895014899386
7.3319895014899386
7.3319895014899386
7.3319895014899386
7.3319895014899386
7.3319895014899386
4.2729791548327123
4.2729791548327123
4.2729791548327123
4.2729791548327123
4.2729791548327123
4.2729791548327123
4.2729791548327123
4.2729791548327123
4.2729791548327123
4.2729791548327123
1.8046960607738805
1.8046960607738805
1.8046960607738805
1.8046960607738805
1.8046960607738805
1.8046960607738805
1.8046960607738805
1.8046960607738805
1.8046960607738805
1.8046960607738805
8.9348161910972479
8.9348161910972479
8.9348161910972479
8.9348161910972479
8.9348161910972479
8.9348161910972479
8.9348161910972479
8.9348161910972479
8.9348161910972479
8.9348161910972479
12.1869064450884519
12.1869064450884519
12.1869064450884519
12.1869064450884519
12.1869064450884519
12.1869064450884519
12.1869064450884519
12.1869064450884519
12.1869064450884519
12.1869064450884519
23.0273315249063764
23.0273315249063764
23.0273315249063764
23.0273315249063764
23.0273315249063764
23.0273315249063764
23.0273315249063764
23.0273315249063764
23.0273315249063764
23.0273315249063764
10.7672583224307505
10.7672583224307505
10.7672583224307505
10.7672583224307505
10.7672583224307505
10.7672583224307505
10.7672583224307505
10.7672583224307505
10.7672583224307505
10.7672583224307505
10.2685775559206878
10.2685775559206878
10.2685775559206878
10.2685775559206878
10.2685775559206878
10.2685775559206878
10.2685775559206878
10.2685775559206878
10.2685775559206878
10.2685775559206878
18.6395399496102243
18.6395399496102243
18.6395399496102243
18.6395399496102243
18.6395399496102243
18.6395399496102243
18.6395399496102243
18.6395399496102243
18.6395399496102243
18.6395399496102243
3.9234820471317740
3.9234820471317740
3.9234820471317740
3.9234820471317740
3.9234820471317740
3.9234820471317740
3.9234820471317740
3.9234820471317740
3.9234820471317740
3.9234820471317740
24.0666223676134976
24.0666223676134976
24.0666223676134976
24.0666223676134976
24.0666223676134976
24.0666223676134976
24.0666223676134976
24.0666223676134976
24.0666223676134976
24.0666223676134976
17.9084107589089783
17.9084107589089783
17.9084107589089783
17.9084107589089783
17.9084107589089783
17.9084107589089783
17.9084107589089783
17.9084107589089783
17.9084107589089783
17.9084107589089783
18.0320210535148924
18.0320210535148924
18.0320210535148924
18.0320210535148924
18.0320210535148924
18.0320210535148924
18.0320210535148924
18.0320210535148924
18.0320210535148924
18.0320210535148924
18.0258193720557109
18.0258193720557109
18.0258193720557109
18.0258193720557109
18.0258193720557109
18.0258193720557109
18.0258193720557109
18.0258193720557109
18.0258193720557109
18.0258193720557109
22.9867429988679675
22.9867429988679675
22.9867429988679675
22.9867429988679675
22.9867429988679675
22.9867429988679675
22.9867429988679675
22.9867429988679675
22.9867429988679675
22.9867429988679675
6.4359990841151768
6.4359990841151768
6.4359990841151768
6.4359990841151768
6.4359990841151768
6.4359990841151768
6.4359990841151768
6.4359990841151768
6.4359990841151768
6.4359990841151768
6.2108382207254147
6.2108382207254147
6.2108382207254147
6.2108382207254147
6.2108382207254147
6.2108382207254147
6.2108382207254147
6.2108382207254147
6.2108382207254147
6.2108382207254147
4.7203263384216818
4.7203263384216818
4.7203263384216818
4.7203263384216818
4.7203263384216818
4.7203263384216818
4.7203263384216818
4.7203263384216818
4.7203263384216818
4.7203263384216818
19.6245838120523217
19.6245838120523217
19.6245838120523217
19.6245838120523217
19.6245838120523217
19.6245838120523217
19.6245838120523217
19.6245838120523217
19.6245838120523217
19.6245838120523217
9.9426204049722191
9.9426204049722191
9.9426204049722191
9.9426204049722191
9.9426204049722191
9.9426204049722191
9.9426204049722191
9.9426204049722191
9.9426204049722191
9.9426204049722191
0.9495113282992407
0.9495113282992407
0.9495113282992407
0.9495113282992407
0.9495113282992407
0.9495113282992407
0.9495113282992407
0.9495113282992407
0.9495113282992407
0.9495113282992407
